start: 1 1
1 1 Y 0 1 0
1 2 Y 1 2 0
1 3 Y 2 3 0
2 3 S 3 3 1
2 2 Y 2 3 0
2 3 S 3 3 1
2 1 S 3 3 1
2 1 S 1 1 1
2 2 Y 2 2 1
2 3 S 3 2 2
2 4 Y 4 3 2
2 5 S 5 3 3
3 3 Y 4 3 2
1 3 Y 4 3 2
3 2 Y 3 3 1
4 2 S 4 3 2
1 2 Y 3 3 1
3 1 Y 2 2 1
3 2 Y 3 3 1
4 2 S 4 3 2
4 1 Y 3 3 1
4 2 S 4 3 2
start: 1 2
1 2 Y 0 1 0
1 3 Y 1 2 0
1 4 Y 2 3 0
2 3 S 2 2 1
2 4 Y 3 3 1
2 5 S 4 3 2
3 3 Y 3 3 1
2 2 Y 3 3 1
2 1 S 4 3 2
2 2 Y 1 2 0
2 3 S 2 2 1
2 4 Y 3 3 1
2 5 S 4 3 2
3 3 Y 3 3 1
1 3 Y 3 3 1
3 2 Y 2 3 0
4 2 S 3 3 1
2 1 S 2 2 1
3 1 Y 3 3 1
1 1 Y 3 3 1
1 1 Y 1 2 0
2 1 S 2 2 1
2 2 Y 3 3 1
2 3 S 4 3 2
3 1 Y 3 3 1
start: 1 3
1 3 Y 0 1 0
1 4 Y 1 2 0
1 5 Y 2 3 0
2 5 S 3 3 1
2 4 Y 2 3 0
2 5 S 3 3 1
2 3 S 3 3 1
2 3 S 1 1 1
2 4 Y 2 2 1
2 5 S 3 2 2
3 5 Y 4 3 2
4 5 S 5 3 3
1 5 Y 4 3 2
3 4 Y 3 3 1
1 4 Y 3 3 1
3 3 Y 2 2 1
3 4 Y 3 3 1
4 3 Y 3 3 1
4 2 S 4 3 2
3 2 Y 3 3 1
4 2 S 4 3 2
2 2 Y 2 2 1
3 2 Y 3 3 1
4 2 S 4 3 2
2 1 S 3 2 2
3 1 Y 4 3 2
1 1 Y 4 3 2
1 2 Y 3 3 1
1 2 Y 1 2 0
2 2 Y 2 3 0
2 3 S 3 3 1
2 1 S 3 3 1
1 1 Y 2 3 0
2 1 S 3 3 1
start: 1 4
1 4 Y 0 1 0
1 5 Y 1 2 0
2 5 S 2 2 1
3 5 Y 3 3 1
4 5 S 4 3 2
2 4 Y 3 3 1
2 3 S 4 3 2
2 4 Y 1 2 0
2 5 S 2 2 1
3 5 Y 3 3 1
4 5 S 4 3 2
1 5 Y 3 3 1
3 4 Y 2 3 0
2 3 S 2 2 1
3 3 Y 3 3 1
2 2 Y 3 3 1
2 1 S 4 3 2
1 3 Y 3 3 1
1 3 Y 1 2 0
2 3 S 2 2 1
2 4 Y 3 3 1
2 5 S 4 3 2
3 3 Y 3 3 1
2 2 Y 3 3 1
2 1 S 4 3 2
1 2 Y 2 3 0
start: 1 5
1 5 Y 0 1 0
2 5 S 1 1 1
3 5 Y 2 2 1
4 5 S 3 2 2
5 5 Y 4 3 2
4 4 Y 4 3 2
3 4 Y 3 3 1
2 4 Y 2 2 1
3 4 Y 3 3 1
2 3 S 3 2 2
3 3 Y 4 3 2
2 2 Y 4 3 2
2 1 S 5 3 3
1 3 Y 4 3 2
1 4 Y 3 3 1
1 4 Y 1 2 0
2 4 Y 2 3 0
2 5 S 3 3 1
2 3 S 3 3 1
1 3 Y 2 3 0
2 3 S 3 3 1
start: 2 1
2 1 S 0 0 1
2 2 Y 1 1 1
2 3 S 2 1 2
2 4 Y 3 2 2
2 5 S 4 2 3
3 5 Y 5 3 3
4 5 S 6 3 4
count!!
2 5 S 6 3 4
count!!
1 5 Y 5 3 3
2 5 S 6 3 4
count!!
3 4 Y 4 3 2
1 4 Y 4 3 2
3 3 Y 3 2 2
3 4 Y 4 3 2
4 3 Y 4 3 2
4 2 S 5 3 3
3 2 Y 4 3 2
4 2 S 5 3 3
1 3 Y 3 2 2
1 4 Y 4 3 2
1 2 Y 4 3 2
3 2 Y 2 2 1
3 3 Y 3 3 1
2 3 S 4 3 2
4 2 S 3 2 2
4 3 Y 4 3 2
5 2 Y 4 3 2
4 1 Y 4 3 2
3 1 Y 3 3 1
1 2 Y 2 2 1
1 3 Y 3 3 1
2 3 S 4 3 2
1 1 Y 3 3 1
3 1 Y 1 1 1
3 2 Y 2 2 1
3 3 Y 3 3 1
2 3 S 4 3 2
4 2 S 3 2 2
4 3 Y 4 3 2
5 2 Y 4 3 2
4 1 Y 4 3 2
2 2 Y 3 3 1
2 3 S 4 3 2
4 1 Y 2 2 1
4 2 S 3 2 2
4 3 Y 4 3 2
5 2 Y 4 3 2
3 2 Y 4 3 2
5 1 Y 3 3 1
1 1 Y 1 1 1
1 2 Y 2 2 1
1 3 Y 3 3 1
2 3 S 4 3 2
2 2 Y 3 3 1
2 3 S 4 3 2
start: 2 2
2 2 Y 0 1 0
2 3 S 1 1 1
2 4 Y 2 2 1
2 5 S 3 2 2
3 5 Y 4 3 2
4 5 S 5 3 3
1 5 Y 4 3 2
3 4 Y 3 3 1
1 4 Y 3 3 1
3 3 Y 2 2 1
3 4 Y 3 3 1
4 3 Y 3 3 1
4 2 S 4 3 2
3 2 Y 3 3 1
4 2 S 4 3 2
1 3 Y 2 2 1
1 4 Y 3 3 1
1 2 Y 3 3 1
3 2 Y 1 2 0
3 3 Y 2 3 0
2 3 S 3 3 1
4 2 S 2 2 1
4 3 Y 3 3 1
5 2 Y 3 3 1
4 1 Y 3 3 1
3 1 Y 2 3 0
2 1 S 3 3 1
2 1 S 1 1 1
3 1 Y 2 2 1
3 2 Y 3 3 1
4 2 S 4 3 2
4 1 Y 3 3 1
4 2 S 4 3 2
1 1 Y 2 2 1
1 2 Y 3 3 1
1 2 Y 1 2 0
1 3 Y 2 3 0
2 3 S 3 3 1
1 1 Y 2 3 0
2 1 S 3 3 1
start: 2 3
2 3 S 0 0 1
2 4 Y 1 1 1
2 5 S 2 1 2
3 5 Y 3 2 2
4 5 S 4 2 3
5 5 Y 5 3 3
4 5 S 6 3 4
count!!
4 4 Y 5 3 3
4 5 S 6 3 4
count!!
3 4 Y 4 3 2
1 5 Y 3 2 2
1 4 Y 4 3 2
3 4 Y 2 2 1
3 5 Y 3 3 1
4 5 S 4 3 2
2 5 S 4 3 2
4 4 Y 3 3 1
4 5 S 4 3 2
3 3 Y 3 3 1
1 4 Y 2 2 1
1 5 Y 3 3 1
2 5 S 4 3 2
1 3 Y 3 3 1
3 3 Y 1 1 1
3 4 Y 2 2 1
3 5 Y 3 3 1
4 5 S 4 3 2
2 5 S 4 3 2
4 4 Y 3 3 1
4 5 S 4 3 2
2 4 Y 3 3 1
2 5 S 4 3 2
4 3 Y 2 2 1
4 4 Y 3 3 1
4 5 S 4 3 2
5 3 Y 3 3 1
4 2 S 3 2 2
5 2 Y 4 3 2
4 1 Y 4 3 2
3 2 Y 4 3 2
3 2 Y 2 2 1
4 2 S 3 2 2
4 3 Y 4 3 2
5 2 Y 4 3 2
4 1 Y 4 3 2
3 1 Y 3 3 1
2 1 S 4 3 2
2 2 Y 3 3 1
2 1 S 4 3 2
2 2 Y 1 1 1
3 2 Y 2 2 1
3 3 Y 3 3 1
4 2 S 3 2 2
4 3 Y 4 3 2
5 2 Y 4 3 2
4 1 Y 4 3 2
3 1 Y 3 3 1
2 1 S 4 3 2
2 1 S 2 1 2
3 1 Y 3 2 2
3 2 Y 4 3 2
4 2 S 5 3 3
4 1 Y 4 3 2
4 2 S 5 3 3
1 1 Y 3 2 2
1 2 Y 4 3 2
1 2 Y 2 2 1
1 3 Y 3 3 1
1 1 Y 3 3 1
2 1 S 4 3 2
1 3 Y 1 1 1
1 4 Y 2 2 1
1 5 Y 3 3 1
2 5 S 4 3 2
2 4 Y 3 3 1
2 5 S 4 3 2
1 2 Y 2 2 1
2 2 Y 3 3 1
2 1 S 4 3 2
1 1 Y 3 3 1
2 1 S 4 3 2
start: 2 4
2 4 Y 0 1 0
2 5 S 1 1 1
3 5 Y 2 2 1
4 5 S 3 2 2
5 5 Y 4 3 2
4 4 Y 4 3 2
3 4 Y 3 3 1
1 5 Y 2 2 1
1 4 Y 3 3 1
3 4 Y 1 2 0
3 5 Y 2 3 0
4 5 S 3 3 1
2 5 S 3 3 1
4 4 Y 2 3 0
4 5 S 3 3 1
3 3 Y 2 3 0
2 3 S 3 3 1
2 3 S 1 1 1
3 3 Y 2 2 1
3 4 Y 3 3 1
4 3 Y 3 3 1
4 2 S 4 3 2
3 2 Y 3 3 1
4 2 S 4 3 2
2 2 Y 2 2 1
3 2 Y 3 3 1
4 2 S 4 3 2
2 1 S 3 2 2
3 1 Y 4 3 2
1 1 Y 4 3 2
1 2 Y 3 3 1
1 3 Y 2 2 1
1 4 Y 3 3 1
1 2 Y 3 3 1
1 4 Y 1 2 0
1 5 Y 2 3 0
2 5 S 3 3 1
1 3 Y 2 3 0
2 3 S 3 3 1
start: 2 5
2 5 S 0 0 1
3 5 Y 1 1 1
4 5 S 2 1 2
5 5 Y 3 2 2
5 4 Y 4 3 2
4 4 Y 3 2 2
5 4 Y 4 3 2
4 3 Y 4 3 2
4 2 S 5 3 3
3 4 Y 4 3 2
3 4 Y 2 2 1
4 4 Y 3 3 1
4 5 S 4 3 2
3 3 Y 3 3 1
2 3 S 4 3 2
2 4 Y 3 3 1
2 3 S 4 3 2
2 4 Y 1 1 1
3 4 Y 2 2 1
3 5 Y 3 3 1
4 5 S 4 3 2
4 4 Y 3 3 1
4 5 S 4 3 2
3 3 Y 3 3 1
2 3 S 4 3 2
2 3 S 2 1 2
3 3 Y 3 2 2
3 4 Y 4 3 2
4 3 Y 4 3 2
4 2 S 5 3 3
3 2 Y 4 3 2
4 2 S 5 3 3
2 2 Y 3 2 2
3 2 Y 4 3 2
4 2 S 5 3 3
2 1 S 4 2 3
3 1 Y 5 3 3
2 1 S 6 3 4
count!!
1 1 Y 5 3 3
2 1 S 6 3 4
count!!
1 2 Y 4 3 2
1 3 Y 3 2 2
1 4 Y 4 3 2
1 2 Y 4 3 2
1 4 Y 2 2 1
1 5 Y 3 3 1
1 3 Y 3 3 1
2 3 S 4 3 2
1 5 Y 1 1 1
1 4 Y 2 2 1
2 4 Y 3 3 1
2 3 S 4 3 2
1 3 Y 3 3 1
2 3 S 4 3 2
start: 3 1
3 1 Y 0 1 0
3 2 Y 1 2 0
3 3 Y 2 3 0
2 3 S 3 3 1
4 2 S 2 2 1
4 3 Y 3 3 1
5 2 Y 3 3 1
4 1 Y 3 3 1
2 2 Y 2 3 0
2 3 S 3 3 1
2 1 S 3 3 1
4 1 Y 1 2 0
4 2 S 2 2 1
4 3 Y 3 3 1
5 2 Y 3 3 1
3 2 Y 3 3 1
5 1 Y 2 3 0
2 1 S 1 1 1
2 2 Y 2 2 1
2 3 S 3 2 2
2 4 Y 4 3 2
2 5 S 5 3 3
3 3 Y 4 3 2
1 3 Y 4 3 2
3 2 Y 3 3 1
4 2 S 4 3 2
1 2 Y 3 3 1
1 1 Y 2 2 1
1 2 Y 3 3 1
start: 3 2
3 2 Y 0 1 0
3 3 Y 1 2 0
3 4 Y 2 3 0
4 3 Y 2 3 0
4 2 S 3 3 1
2 3 S 2 2 1
2 4 Y 3 3 1
2 5 S 4 3 2
2 2 Y 3 3 1
2 1 S 4 3 2
1 3 Y 3 3 1
4 2 S 1 1 1
4 3 Y 2 2 1
4 4 Y 3 3 1
4 5 S 4 3 2
5 3 Y 3 3 1
3 3 Y 3 3 1
2 3 S 4 3 2
5 2 Y 2 2 1
5 3 Y 3 3 1
5 1 Y 3 3 1
4 1 Y 2 2 1
5 1 Y 3 3 1
3 1 Y 3 3 1
2 1 S 4 3 2
3 1 Y 1 2 0
4 1 Y 2 3 0
4 2 S 3 3 1
2 1 S 2 2 1
2 2 Y 3 3 1
2 3 S 4 3 2
1 1 Y 3 3 1
2 2 Y 1 2 0
2 3 S 2 2 1
2 4 Y 3 3 1
2 5 S 4 3 2
3 3 Y 3 3 1
1 3 Y 3 3 1
2 1 S 2 2 1
3 1 Y 3 3 1
1 1 Y 3 3 1
1 2 Y 2 3 0
start: 3 3
3 3 Y 0 1 0
3 4 Y 1 2 0
3 5 Y 2 3 0
4 5 S 3 3 1
2 5 S 3 3 1
4 4 Y 2 3 0
4 5 S 3 3 1
2 4 Y 2 3 0
2 5 S 3 3 1
2 3 S 3 3 1
4 3 Y 1 2 0
4 4 Y 2 3 0
4 5 S 3 3 1
5 3 Y 2 3 0
4 2 S 2 2 1
5 2 Y 3 3 1
4 1 Y 3 3 1
3 2 Y 3 3 1
3 2 Y 1 2 0
4 2 S 2 2 1
4 3 Y 3 3 1
5 2 Y 3 3 1
4 1 Y 3 3 1
3 1 Y 2 3 0
2 1 S 3 3 1
2 2 Y 2 3 0
2 3 S 3 3 1
2 1 S 3 3 1
2 3 S 1 1 1
2 4 Y 2 2 1
2 5 S 3 2 2
3 5 Y 4 3 2
4 5 S 5 3 3
1 5 Y 4 3 2
3 4 Y 3 3 1
1 4 Y 3 3 1
2 2 Y 2 2 1
3 2 Y 3 3 1
4 2 S 4 3 2
2 1 S 3 2 2
3 1 Y 4 3 2
1 1 Y 4 3 2
1 2 Y 3 3 1
1 3 Y 2 2 1
1 4 Y 3 3 1
1 2 Y 3 3 1
start: 3 4
3 4 Y 0 1 0
3 5 Y 1 2 0
4 5 S 2 2 1
5 5 Y 3 3 1
4 4 Y 3 3 1
2 5 S 2 2 1
2 4 Y 3 3 1
2 3 S 4 3 2
1 5 Y 3 3 1
4 4 Y 1 2 0
4 5 S 2 2 1
5 5 Y 3 3 1
3 5 Y 3 3 1
2 5 S 4 3 2
5 4 Y 2 3 0
4 3 Y 2 3 0
4 2 S 3 3 1
3 3 Y 1 2 0
4 3 Y 2 3 0
4 2 S 3 3 1
3 2 Y 2 3 0
4 2 S 3 3 1
2 3 S 2 2 1
2 4 Y 3 3 1
2 5 S 4 3 2
2 2 Y 3 3 1
2 1 S 4 3 2
1 3 Y 3 3 1
2 4 Y 1 2 0
2 5 S 2 2 1
3 5 Y 3 3 1
4 5 S 4 3 2
1 5 Y 3 3 1
2 3 S 2 2 1
3 3 Y 3 3 1
2 2 Y 3 3 1
2 1 S 4 3 2
1 3 Y 3 3 1
1 4 Y 2 3 0
start: 3 5
3 5 Y 0 1 0
4 5 S 1 1 1
5 5 Y 2 2 1
5 4 Y 3 3 1
4 4 Y 2 2 1
5 4 Y 3 3 1
4 3 Y 3 3 1
4 2 S 4 3 2
3 4 Y 3 3 1
3 4 Y 1 2 0
4 4 Y 2 3 0
4 5 S 3 3 1
3 3 Y 2 3 0
2 3 S 3 3 1
2 4 Y 2 3 0
2 5 S 3 3 1
2 3 S 3 3 1
2 5 S 1 1 1
2 4 Y 2 2 1
3 4 Y 3 3 1
2 3 S 3 2 2
3 3 Y 4 3 2
2 2 Y 4 3 2
2 1 S 5 3 3
1 3 Y 4 3 2
1 4 Y 3 3 1
1 5 Y 2 2 1
1 4 Y 3 3 1
start: 4 1
4 1 Y 0 1 0
4 2 S 1 1 1
4 3 Y 2 2 1
4 4 Y 3 3 1
4 5 S 4 3 2
5 3 Y 3 3 1
3 3 Y 3 3 1
2 3 S 4 3 2
5 2 Y 2 2 1
5 3 Y 3 3 1
5 1 Y 3 3 1
3 2 Y 2 2 1
3 3 Y 3 3 1
2 3 S 4 3 2
3 1 Y 3 3 1
2 1 S 4 3 2
2 2 Y 3 3 1
2 3 S 4 3 2
2 1 S 4 3 2
5 1 Y 1 2 0
5 2 Y 2 3 0
4 2 S 3 3 1
3 1 Y 1 2 0
3 2 Y 2 3 0
4 2 S 3 3 1
2 1 S 2 2 1
2 2 Y 3 3 1
2 3 S 4 3 2
1 1 Y 3 3 1
start: 4 2
4 2 S 0 0 1
4 3 Y 1 1 1
4 4 Y 2 2 1
4 5 S 3 2 2
5 5 Y 4 3 2
3 5 Y 4 3 2
2 5 S 5 3 3
5 4 Y 3 3 1
3 4 Y 3 3 1
5 3 Y 2 2 1
5 4 Y 3 3 1
5 2 Y 3 3 1
3 3 Y 2 2 1
3 4 Y 3 3 1
3 2 Y 3 3 1
2 3 S 3 2 2
2 4 Y 4 3 2
2 5 S 5 3 3
2 2 Y 4 3 2
2 1 S 5 3 3
1 3 Y 4 3 2
5 2 Y 1 1 1
5 3 Y 2 2 1
5 4 Y 3 3 1
4 3 Y 3 3 1
5 1 Y 2 2 1
4 1 Y 3 3 1
4 1 Y 1 1 1
5 1 Y 2 2 1
5 2 Y 3 3 1
3 1 Y 2 2 1
3 2 Y 3 3 1
2 1 S 3 2 2
2 2 Y 4 3 2
2 3 S 5 3 3
1 1 Y 4 3 2
3 2 Y 1 1 1
3 3 Y 2 2 1
3 4 Y 3 3 1
4 3 Y 3 3 1
2 3 S 3 2 2
2 4 Y 4 3 2
2 5 S 5 3 3
2 2 Y 4 3 2
2 1 S 5 3 3
1 3 Y 4 3 2
3 1 Y 2 2 1
4 1 Y 3 3 1
2 1 S 3 2 2
2 2 Y 4 3 2
2 3 S 5 3 3
1 1 Y 4 3 2
2 2 Y 2 2 1
2 3 S 3 2 2
2 4 Y 4 3 2
2 5 S 5 3 3
3 3 Y 4 3 2
1 3 Y 4 3 2
2 1 S 3 2 2
3 1 Y 4 3 2
1 1 Y 4 3 2
1 2 Y 3 3 1
start: 4 3
4 3 Y 0 1 0
4 4 Y 1 2 0
4 5 S 2 2 1
5 5 Y 3 3 1
3 5 Y 3 3 1
2 5 S 4 3 2
5 4 Y 2 3 0
3 4 Y 2 3 0
5 3 Y 1 2 0
5 4 Y 2 3 0
5 2 Y 2 3 0
4 2 S 3 3 1
4 2 S 1 1 1
5 2 Y 2 2 1
5 3 Y 3 3 1
5 1 Y 3 3 1
4 1 Y 2 2 1
5 1 Y 3 3 1
3 1 Y 3 3 1
2 1 S 4 3 2
3 2 Y 2 2 1
3 3 Y 3 3 1
2 3 S 4 3 2
3 1 Y 3 3 1
2 1 S 4 3 2
2 2 Y 3 3 1
2 3 S 4 3 2
2 1 S 4 3 2
3 3 Y 1 2 0
3 4 Y 2 3 0
3 2 Y 2 3 0
4 2 S 3 3 1
2 3 S 2 2 1
2 4 Y 3 3 1
2 5 S 4 3 2
2 2 Y 3 3 1
2 1 S 4 3 2
1 3 Y 3 3 1
start: 4 4
4 4 Y 0 1 0
4 5 S 1 1 1
5 5 Y 2 2 1
5 4 Y 3 3 1
3 5 Y 2 2 1
3 4 Y 3 3 1
2 5 S 3 2 2
2 4 Y 4 3 2
2 3 S 5 3 3
1 5 Y 4 3 2
5 4 Y 1 2 0
5 5 Y 2 3 0
4 5 S 3 3 1
5 3 Y 2 3 0
4 3 Y 1 2 0
5 3 Y 2 3 0
4 2 S 2 2 1
5 2 Y 3 3 1
4 1 Y 3 3 1
3 2 Y 3 3 1
3 3 Y 2 3 0
2 3 S 3 3 1
3 4 Y 1 2 0
3 5 Y 2 3 0
4 5 S 3 3 1
2 5 S 3 3 1
3 3 Y 2 3 0
2 3 S 3 3 1
2 4 Y 2 3 0
2 5 S 3 3 1
2 3 S 3 3 1
start: 4 5
4 5 S 0 0 1
5 5 Y 1 1 1
5 4 Y 2 2 1
5 3 Y 3 3 1
4 4 Y 3 3 1
4 4 Y 1 1 1
5 4 Y 2 2 1
5 5 Y 3 3 1
5 3 Y 3 3 1
4 3 Y 2 2 1
5 3 Y 3 3 1
4 2 S 3 2 2
5 2 Y 4 3 2
4 1 Y 4 3 2
3 2 Y 4 3 2
3 3 Y 3 3 1
2 3 S 4 3 2
3 4 Y 2 2 1
3 5 Y 3 3 1
2 5 S 4 3 2
3 3 Y 3 3 1
2 3 S 4 3 2
2 4 Y 3 3 1
2 5 S 4 3 2
2 3 S 4 3 2
3 5 Y 1 1 1
3 4 Y 2 2 1
4 4 Y 3 3 1
3 3 Y 3 3 1
2 3 S 4 3 2
2 4 Y 3 3 1
2 5 S 4 3 2
2 3 S 4 3 2
2 5 S 2 1 2
2 4 Y 3 2 2
3 4 Y 4 3 2
2 3 S 4 2 3
3 3 Y 5 3 3
2 3 S 6 3 4
count!!
2 2 Y 5 3 3
2 3 S 6 3 4
count!!
2 1 S 6 3 4
count!!
1 3 Y 5 3 3
2 3 S 6 3 4
count!!
1 4 Y 4 3 2
1 5 Y 3 2 2
1 4 Y 4 3 2
start: 5 1
5 1 Y 0 1 0
5 2 Y 1 2 0
5 3 Y 2 3 0
4 2 S 2 2 1
4 3 Y 3 3 1
4 1 Y 3 3 1
3 2 Y 3 3 1
4 1 Y 1 2 0
4 2 S 2 2 1
4 3 Y 3 3 1
5 2 Y 3 3 1
3 2 Y 3 3 1
3 1 Y 2 3 0
2 1 S 3 3 1
start: 5 2
5 2 Y 0 1 0
5 3 Y 1 2 0
5 4 Y 2 3 0
4 3 Y 2 3 0
4 2 S 3 3 1
5 1 Y 1 2 0
4 1 Y 2 3 0
4 2 S 3 3 1
4 2 S 1 1 1
4 3 Y 2 2 1
4 4 Y 3 3 1
4 5 S 4 3 2
5 3 Y 3 3 1
3 3 Y 3 3 1
2 3 S 4 3 2
4 1 Y 2 2 1
5 1 Y 3 3 1
3 1 Y 3 3 1
2 1 S 4 3 2
3 2 Y 2 2 1
3 3 Y 3 3 1
2 3 S 4 3 2
3 1 Y 3 3 1
2 1 S 4 3 2
2 2 Y 3 3 1
2 3 S 4 3 2
2 1 S 4 3 2
start: 5 3
5 3 Y 0 1 0
5 4 Y 1 2 0
5 5 Y 2 3 0
4 5 S 3 3 1
4 4 Y 2 3 0
4 5 S 3 3 1
5 2 Y 1 2 0
5 1 Y 2 3 0
4 2 S 2 2 1
4 3 Y 3 3 1
4 1 Y 3 3 1
3 2 Y 3 3 1
4 3 Y 1 2 0
4 4 Y 2 3 0
4 5 S 3 3 1
4 2 S 2 2 1
5 2 Y 3 3 1
4 1 Y 3 3 1
3 2 Y 3 3 1
3 3 Y 2 3 0
2 3 S 3 3 1
start: 5 4
5 4 Y 0 1 0
5 5 Y 1 2 0
4 5 S 2 2 1
4 4 Y 3 3 1
3 5 Y 3 3 1
2 5 S 4 3 2
5 3 Y 1 2 0
5 2 Y 2 3 0
4 2 S 3 3 1
4 3 Y 2 3 0
4 2 S 3 3 1
4 4 Y 1 2 0
4 5 S 2 2 1
5 5 Y 3 3 1
3 5 Y 3 3 1
2 5 S 4 3 2
4 3 Y 2 3 0
4 2 S 3 3 1
3 4 Y 2 3 0
start: 5 5
5 5 Y 0 1 0
5 4 Y 1 2 0
5 3 Y 2 3 0
4 4 Y 2 3 0
4 5 S 3 3 1
4 5 S 1 1 1
4 4 Y 2 2 1
5 4 Y 3 3 1
4 3 Y 3 3 1
4 2 S 4 3 2
3 4 Y 3 3 1
3 5 Y 2 2 1
3 4 Y 3 3 1
2 5 S 3 2 2
2 4 Y 4 3 2
2 3 S 5 3 3
1 5 Y 4 3 2
YYYYY
SYSYS
YYYYY
YSYYS
YYYYY
11
